51 42 0 0 0 0 0 0 0 0 0 0 0 0 0 0 0 0 0 0 0 0 0 0 0 0 0 0 17 76 
49 19 0 0 0 0 0 0 0 0 0 0 0 0 0 0 0 0 0 0 0 0 0 0 0 0 0 0 22 52 
0 0 40 61 43 67 34 78 46 60 53 54 65 45 60 51 54 59 47 55 42 53 42 41 37 47 25 51 0 0 
0 0 41 43 33 34 40 36 41 36 46 33 39 40 37 48 40 61 46 68 45 58 49 46 38 46 43 43 0 0 
0 0 40 49 42 52 42 62 48 53 47 54 45 45 43 42 53 42 63 38 49 37 45 38 33 52 33 56 0 0 
0 0 38 42 41 30 44 32 51 41 55 37 55 39 42 37 41 44 39 53 42 47 50 46 45 42 48 48 0 0 
0 0 43 54 52 54 54 55 46 44 46 51 42 50 39 44 46 40 58 34 53 39 41 32 34 45 34 42 0 0 
0 0 41 46 42 42 39 45 36 45 39 32 45 30 41 34 44 47 44 51 51 46 49 41 47 33 46 41 0 0 
0 0 35 52 43 47 54 42 42 39 47 51 31 51 31 52 35 45 48 38 55 38 54 34 48 50 47 43 0 0 
0 0 48 45 53 41 52 46 42 54 45 38 54 25 59 25 57 33 50 44 51 44 51 44 58 29 54 34 0 0 
0 0 35 53 47 47 53 38 43 34 51 38 43 45 43 51 29 59 34 49 53 55 52 43 48 59 42 51 0 0 
0 0 55 48 59 51 66 51 49 48 56 39 55 27 64 37 59 43 56 52 51 48 46 43 51 33 52 32 0 0 
0 0 29 49 35 38 49 30 49 37 58 44 46 52 41 60 29 69 31 55 50 63 52 56 45 72 39 67 0 0 
0 0 50 48 56 45 66 44 65 44 61 42 57 36 54 37 55 42 45 46 46 45 38 37 40 32 49 28 0 0 
0 0 38 50 44 43 44 39 47 48 53 47 50 60 42 53 25 67 34 51 52 61 55 49 48 65 41 67 0 0 
0 0 55 45 52 48 58 45 68 33 63 39 60 42 48 51 55 54 47 49 54 48 38 37 37 35 41 27 0 0 
0 0 45 50 42 46 37 49 41 55 52 53 53 61 45 61 31 59 33 38 47 47 46 45 54 64 50 65 0 0 
0 0 47 52 45 49 48 42 57 28 46 38 41 39 39 45 49 40 43 42 49 50 38 44 44 41 47 33 0 0 
0 0 42 49 44 47 38 51 38 55 49 54 53 59 52 61 33 61 41 46 52 49 56 39 63 49 60 49 0 0 
0 0 47 57 52 50 53 39 50 30 43 48 33 45 46 55 45 39 55 46 45 46 44 50 45 46 49 34 0 0 
0 0 42 45 35 44 34 48 33 54 48 56 52 51 61 58 45 55 46 59 51 62 55 54 61 49 60 39 0 0 
0 0 42 50 56 48 54 39 45 36 43 42 31 44 42 41 31 26 35 26 25 35 37 49 39 58 48 48 0 0 
0 0 51 53 44 45 40 47 34 55 43 57 46 53 60 58 54 71 54 79 57 69 64 54 68 42 61 34 0 0 
0 0 41 44 53 45 49 43 41 43 37 44 39 53 46 48 40 39 38 23 27 24 32 30 27 49 42 48 0 0 
0 0 52 45 40 44 40 48 37 61 51 54 54 49 57 39 57 46 48 54 50 56 47 51 56 44 50 37 0 0 
0 0 28 39 40 48 44 50 46 40 40 36 44 53 34 50 42 50 35 29 33 34 34 30 35 49 54 55 0 0 
0 0 50 45 43 40 43 46 50 59 56 49 54 49 41 38 48 43 38 43 42 41 37 46 51 42 45 44 0 0 
0 0 23 38 37 47 48 49 52 47 37 48 35 61 26 57 49 55 49 36 47 40 36 34 35 46 46 50 0 0 
35 28 0 0 0 0 0 0 0 0 0 0 0 0 0 0 0 0 0 0 0 0 0 0 0 0 0 0 24 36 
12 21 0 0 0 0 0 0 0 0 0 0 0 0 0 0 0 0 0 0 0 0 0 0 0 0 0 0 41 63 
