55 35 12 18 14 23 12 39 8 47 26 30 19 20 3 32 6 39 10 24 23 8 48 40 54 26 33 37 34 49 4 25 21 17 43 36 41 55 11 49 39 38 15 59 59 18 27 2 58 38 26 
53 36 29 60 58 10 30 23 48 35 62 27 14 59 24 44 45 29 56 43 16 28 12 13 6 36 16 30 12 29 59 2 2 24 62 60 34 28 20 19 63 18 46 13 14 7 58 59 37 51 38 
45 55 47 5 0 15 0 28 25 57 13 60 53 44 27 16 25 53 56 4 4 21 23 5 22 52 49 1 38 19 28 19 10 11 24 11 27 24 39 52 18 53 48 7 34 12 24 60 2 16 0 
58 3 22 30 46 21 30 20 50 29 10 59 5 6 55 19 48 45 54 17 0 48 13 42 42 29 6 48 51 33 27 45 36 49 12 19 7 42 39 57 7 50 52 13 57 44 32 41 26 22 59 
33 23 51 37 47 42 50 62 11 54 35 7 57 34 53 2 35 23 50 30 44 33 22 46 48 6 23 6 10 49 7 43 8 58 16 56 36 2 54 48 57 25 56 50 60 46 53 31 5 39 62 
21 10 51 58 49 33 3 58 31 55 42 33 39 51 4 21 62 28 42 44 30 26 57 59 9 22 5 0 55 55 40 12 2 28 6 51 61 10 46 29 2 25 63 41 12 3 63 11 31 41 55 
59 52 39 38 43 43 20 6 61 37 17 14 3 42 9 21 59 32 54 10 25 37 15 49 30 29 54 11 19 14 9 14 2 48 53 46 27 10 53 25 47 6 39 51 48 48 8 44 16 63 55 
44 28 32 23 17 55 27 59 36 1 19 18 18 57 44 54 15 39 25 60 0 60 22 59 63 28 31 41 28 27 44 9 55 12 33 9 3 60 5 40 61 24 59 15 18 39 5 33 15 30 30 
16 11 15 46 37 0 40 51 52 55 18 52 53 30 56 34 38 30 31 37 0 55 2 17 45 58 42 27 2 48 47 18 59 62 1 33 63 41 21 51 32 39 39 22 5 32 56 44 62 23 17 
11 36 39 61 6 61 26 62 30 10 19 34 61 6 26 26 15 50 36 43 21 0 26 57 23 26 12 26 4 55 9 15 28 49 13 34 46 40 33 12 50 52 46 48 58 8 11 10 59 47 54 
18 43 35 17 14 3 58 49 59 62 45 4 9 5 30 12 25 19 41 54 5 63 45 37 22 33 23 3 16 17 4 34 60 40 51 11 43 46 61 39 44 42 43 54 48 10 2 9 29 44 63 
38 58 57 13 14 38 29 33 16 32 31 34 6 26 61 15 23 59 0 61 31 24 54 61 5 49 13 7 21 42 57 60 37 51 9 52 26 38 21 42 7 53 12 13 15 9 29 38 5 29 35 
22 22 31 1 52 49 29 63 45 9 26 48 42 63 51 1 53 41 47 0 37 33 46 42 31 10 61 9 27 8 33 49 31 1 51 19 51 16 18 33 26 45 17 5 45 5 7 34 46 54 35 
20 6 20 20 27 32 14 12 41 33 0 0 52 52 2 62 31 2 38 22 37 57 33 14 52 49 37 63 47 36 12 3 42 33 24 5 1 39 18 43 8 19 44 60 7 46 59 39 48 33 62 
19 0 26 54 14 31 37 4 19 17 61 34 38 53 27 50 40 51 1 9 34 60 10 39 23 63 25 18 58 39 9 13 39 35 3 54 3 41 59 22 58 56 57 33 46 20 19 22 8 20 31 
35 51 7 2 46 44 59 12 1 49 29 34 11 4 42 0 1 31 18 19 45 3 39 61 61 22 16 55 35 59 9 7 47 16 10 29 61 5 41 62 55 7 32 2 11 10 2 13 42 21 32 
38 4 52 62 3 1 24 28 0 23 14 51 41 2 32 43 23 22 54 19 9 16 1 36 6 18 33 10 36 26 32 11 31 21 9 34 22 34 62 23 57 13 11 34 15 43 14 38 1 4 58 
59 8 15 47 1 27 28 55 56 35 63 54 51 26 12 48 61 17 3 37 4 6 17 55 46 5 48 8 33 43 63 28 51 15 12 53 42 40 45 34 11 44 25 63 7 38 47 4 55 51 41 
59 43 24 31 14 12 27 6 58 35 22 59 0 52 16 31 55 25 17 23 37 9 19 34 62 2 28 61 46 57 3 42 37 28 10 51 40 38 58 35 10 17 30 10 6 46 42 61 7 59 21 
2 10 24 47 48 59 20 53 3 60 13 20 31 40 32 6 53 50 20 1 56 12 5 60 63 14 32 32 14 41 15 17 52 39 1 36 35 21 25 38 18 38 59 50 15 27 56 4 14 13 5 
29 50 32 7 30 53 62 48 24 12 27 24 7 21 17 36 36 36 57 11 54 30 34 63 49 13 45 62 51 53 49 16 39 17 23 5 7 22 54 31 34 17 56 41 38 9 14 11 45 7 22 
16 58 53 50 57 17 12 59 13 56 61 15 22 37 56 23 12 50 33 25 15 13 27 0 9 14 49 23 16 11 45 32 6 34 19 63 51 32 59 1 24 56 16 47 29 8 6 41 59 39 3 
21 5 52 6 28 26 28 19 13 17 12 44 30 60 42 3 44 50 23 35 20 19 59 28 25 63 59 59 18 36 17 39 41 5 46 5 32 10 25 45 27 38 25 57 34 4 60 15 54 20 51 
34 60 27 56 37 53 1 61 9 59 44 54 48 6 17 59 27 19 58 12 48 7 61 53 2 53 5 14 31 18 36 1 15 0 58 52 53 59 49 62 55 29 52 40 35 5 35 63 25 29 12 
27 34 57 0 34 2 51 19 29 5 56 3 58 15 47 29 37 61 40 57 2 31 5 40 28 15 54 59 43 9 37 6 44 30 7 14 33 58 34 62 63 27 2 57 42 50 22 15 47 63 9 
19 37 42 54 40 19 45 17 49 28 7 38 1 36 32 16 15 42 55 56 3 56 51 49 23 18 20 55 0 49 14 20 23 57 10 63 13 56 17 63 20 24 38 21 61 6 37 12 49 29 4 
34 13 57 51 37 62 17 56 33 48 52 18 51 0 10 26 47 42 2 46 37 42 63 31 8 54 37 50 20 58 15 55 8 8 42 45 6 60 38 40 44 27 58 31 28 4 57 11 46 60 58 
54 46 24 0 1 61 27 27 54 22 55 42 47 40 26 47 17 32 1 28 22 55 52 55 2 52 51 52 1 26 44 56 8 4 56 9 1 19 37 56 42 29 35 25 5 62 9 23 31 10 51 
50 60 33 36 25 23 4 20 34 11 7 0 23 3 46 40 62 1 35 54 50 27 35 62 11 27 53 28 28 26 2 14 22 36 51 47 59 56 4 30 3 11 30 27 14 12 4 12 14 39 2 
5 0 34 46 4 15 35 22 13 9 54 61 31 3 8 10 44 13 60 1 60 8 60 53 59 50 30 63 24 33 14 29 33 49 11 38 1 47 60 14 56 50 11 24 54 20 34 34 33 30 35 
27 27 8 24 3 49 9 52 10 24 39 3 5 20 44 61 37 1 18 26 61 16 42 27 29 53 22 62 6 56 27 34 19 36 58 23 21 4 11 31 28 51 35 33 7 16 31 44 17 49 7 
32 13 10 38 23 42 22 51 6 44 3 11 52 5 10 2 12 4 0 27 57 17 24 48 2 31 38 42 56 21 23 24 34 33 63 57 12 21 45 19 2 49 31 54 55 41 57 3 46 57 30 
8 35 10 19 42 48 1 63 49 31 52 7 1 14 46 23 28 21 32 36 61 28 31 57 41 14 47 16 39 11 14 48 47 24 3 25 8 5 25 57 36 13 0 37 28 47 61 57 5 29 29 
5 56 12 61 52 13 23 0 17 55 39 47 58 24 20 50 41 31 7 53 13 54 57 31 43 56 46 37 18 31 55 23 24 3 21 13 17 45 13 34 36 53 17 31 13 38 18 55 5 25 44 
51 53 53 63 51 60 2 0 9 48 0 4 50 61 39 31 55 3 27 6 32 57 1 8 46 15 52 60 8 26 36 59 15 25 59 2 22 62 2 31 47 3 36 33 1 12 0 56 15 27 63 
15 38 0 24 51 16 18 45 27 46 37 57 40 0 6 15 26 52 24 6 25 63 34 4 30 9 53 13 45 0 9 61 38 10 22 26 26 40 8 53 23 46 47 0 46 53 15 8 41 40 15 
52 8 62 60 18 37 17 53 55 15 16 4 31 57 48 57 32 24 5 48 14 26 26 2 5 3 58 2 49 24 28 37 32 26 33 50 63 51 39 54 2 55 58 33 49 43 27 17 4 33 2 
9 61 7 49 59 63 10 32 46 23 54 52 43 55 32 22 45 34 41 41 34 55 3 14 53 5 37 20 26 41 21 36 38 28 21 34 28 31 2 10 55 56 62 34 48 31 57 30 1 34 8 
8 41 33 60 2 26 54 41 41 30 26 32 36 28 53 0 54 15 24 10 46 14 3 44 10 22 59 0 57 63 38 1 40 7 61 43 33 51 20 10 18 47 43 55 11 32 55 1 47 15 11 
27 0 46 38 22 15 54 45 16 38 57 33 60 59 57 44 20 54 2 24 56 0 6 56 8 9 38 61 36 6 36 63 6 19 38 28 34 28 10 51 3 3 20 63 62 14 44 18 4 46 43 
2 42 60 39 55 39 1 50 52 29 41 17 61 2 10 59 21 35 47 25 29 57 47 26 13 34 2 9 2 38 7 5 16 3 44 8 43 45 59 31 10 36 49 8 38 60 3 60 31 50 22 
4 31 56 52 29 34 43 37 60 25 38 11 62 6 24 44 45 39 24 18 14 45 51 63 37 49 27 62 20 14 24 24 45 17 12 10 51 56 48 48 17 23 59 15 30 19 60 12 59 20 30 
29 36 28 0 33 29 16 29 54 9 53 1 32 60 6 54 58 38 52 57 28 61 11 48 8 55 0 21 48 22 62 13 58 27 13 28 57 29 57 47 38 46 48 7 43 54 61 37 28 49 31 
50 51 23 46 41 24 16 17 11 34 7 49 13 2 25 27 33 1 47 19 1 31 51 25 3 28 34 51 36 6 54 22 58 13 5 35 38 21 52 50 55 60 35 5 62 61 32 31 62 15 50 
12 2 43 3 28 4 14 32 2 25 22 28 4 20 56 43 22 50 31 43 25 10 5 11 63 60 5 18 52 54 34 1 57 14 4 22 18 19 54 21 44 12 49 49 33 41 28 55 28 60 34 
42 26 1 40 60 57 51 44 12 4 34 33 59 31 13 25 47 42 61 45 57 44 35 16 23 58 56 43 28 62 0 7 24 1 47 20 59 35 1 7 40 35 41 35 2 54 60 50 32 57 32 
18 41 54 15 47 7 0 48 26 23 56 38 20 21 3 47 0 15 10 7 63 5 50 16 9 53 40 59 1 18 54 20 59 45 35 43 52 36 28 15 59 21 53 15 43 56 62 43 8 9 50 
59 3 57 4 39 28 20 34 43 41 12 61 21 5 63 14 56 27 4 25 23 23 9 3 51 21 51 57 37 62 24 32 1 18 36 41 46 57 11 26 34 24 24 55 29 23 6 22 50 10 48 
34 58 29 43 63 18 32 40 26 13 14 38 60 47 23 47 19 17 35 9 56 58 13 33 51 12 39 52 1 59 58 36 54 23 15 53 41 47 29 4 61 44 42 58 27 2 41 46 19 12 55 
12 54 34 34 60 58 37 41 4 55 7 3 54 55 37 11 28 2 47 23 22 37 58 3 19 48 57 9 24 43 30 37 33 0 7 30 58 45 7 63 36 15 2 26 6 40 38 35 42 22 58 
61 51 8 37 5 16 17 7 25 48 57 39 63 18 61 39 58 63 17 60 36 9 58 10 47 31 51 57 17 35 55 15 23 63 53 29 15 6 36 41 55 30 16 54 49 13 29 43 13 47 40 
