0 6 15 40 56 63 30 31 11 19 7 32 47 17 40 1 30 23 48 46 18 45 27 43 11 58 24 48 35 51 21 35 57 37 12 50 36 42 17 48 62 24 16 45 42 57 46 8 16 31 
38 21 19 51 53 7 45 12 46 23 35 9 5 54 6 46 16 10 5 13 23 63 6 22 45 34 28 38 4 39 42 43 60 61 30 49 5 12 62 51 35 33 60 41 23 2 23 40 13 29 
2 46 60 32 14 58 11 61 53 54 39 48 35 10 44 42 21 53 47 59 21 21 23 9 31 59 28 9 57 49 35 59 31 31 27 45 25 39 42 15 29 18 0 0 29 44 42 50 33 26 
40 4 51 38 47 57 20 54 29 24 27 23 63 19 49 12 6 63 37 36 41 42 36 42 63 63 37 28 63 54 9 39 59 60 14 42 53 34 32 18 58 59 42 57 15 27 6 21 26 43 
61 26 49 7 1 51 38 58 51 63 60 45 31 56 38 6 19 48 43 29 62 50 4 23 55 13 14 33 4 37 60 2 63 46 9 0 33 47 59 20 47 55 2 15 48 41 21 3 25 1 
59 25 31 62 2 54 38 34 41 27 31 27 62 16 43 8 3 41 48 52 24 11 37 38 45 9 9 62 52 47 2 47 9 34 46 11 24 20 45 1 48 13 29 46 29 9 55 32 50 40 
12 14 42 51 55 27 15 62 35 14 53 30 9 9 44 52 40 19 16 4 28 41 43 55 3 45 26 18 17 10 17 30 25 59 17 16 22 33 15 57 47 4 24 56 13 4 45 54 24 61 
42 14 44 19 47 34 63 23 28 0 44 34 31 44 40 39 58 23 24 44 33 29 42 53 22 3 41 45 38 23 45 16 38 25 35 21 59 34 45 24 35 26 59 2 6 35 42 0 59 3 
47 45 4 46 59 33 16 54 61 27 30 46 29 26 8 56 16 44 37 8 5 59 30 26 49 57 14 51 15 30 0 62 12 4 44 8 37 60 62 34 24 29 17 53 55 25 46 8 5 19 
3 28 52 41 23 32 44 18 10 18 19 0 59 16 47 43 42 24 45 32 56 56 50 34 21 29 55 32 47 21 4 51 50 56 29 9 24 9 28 35 28 47 35 23 63 19 2 42 43 47 
6 29 16 56 58 27 26 10 61 56 25 45 1 60 18 22 59 7 20 35 49 34 63 35 31 41 35 56 4 59 8 10 24 25 2 19 53 29 29 50 21 55 31 23 51 50 45 46 57 1 
33 61 9 35 1 33 40 41 38 38 18 59 21 2 48 19 41 14 49 2 29 7 38 19 44 16 19 41 3 61 18 37 59 27 9 60 61 49 38 35 23 56 30 45 59 15 1 36 29 50 
52 9 63 54 16 50 21 21 6 4 35 8 12 45 13 43 53 57 45 5 10 8 43 30 17 27 10 60 44 27 2 32 37 2 23 53 53 45 10 60 50 46 4 62 27 18 42 17 11 23 
1 0 43 55 55 62 29 11 35 42 19 5 41 6 46 15 45 40 1 22 7 7 0 20 11 57 49 9 18 51 22 19 52 1 10 43 0 39 55 35 18 10 40 59 16 23 11 61 63 12 
39 63 41 55 57 30 3 47 23 43 31 23 31 52 43 32 5 29 60 24 49 34 34 14 5 46 53 51 44 56 15 20 56 57 11 50 23 15 33 46 59 0 5 26 53 49 59 58 14 55 
35 22 38 26 21 46 29 21 24 30 1 2 9 27 3 0 29 23 23 22 8 54 31 58 36 56 30 20 54 16 33 26 39 7 52 60 53 18 18 13 49 19 15 58 47 19 58 13 42 17 
19 0 57 47 34 10 8 38 60 15 49 41 28 35 34 14 0 59 17 20 11 30 23 62 13 25 24 63 62 50 51 18 51 44 1 21 54 10 60 50 26 45 27 54 17 61 4 18 56 22 
8 19 23 45 6 46 22 6 46 47 3 0 37 8 5 49 39 3 29 32 12 24 51 57 11 44 53 28 7 7 62 15 27 22 61 34 4 19 40 51 2 44 51 39 52 56 25 27 59 55 
20 13 19 1 37 52 20 28 3 6 29 49 60 49 60 9 62 34 7 14 15 18 36 35 52 60 56 45 8 16 1 29 30 20 30 3 9 50 31 12 56 60 61 52 46 58 62 44 28 5 
58 2 59 3 49 5 40 63 52 40 55 61 60 6 31 46 54 37 13 2 2 41 45 37 35 36 4 8 40 24 16 35 27 12 38 12 17 14 12 6 55 3 3 51 9 35 33 0 8 47 
45 15 56 34 20 26 54 24 63 16 47 54 46 19 35 57 59 27 37 55 42 46 41 43 20 55 18 35 13 42 0 59 58 56 29 14 19 20 39 18 36 22 9 19 42 45 12 37 8 50 
51 38 39 33 63 17 10 37 34 33 53 20 16 48 0 17 14 41 7 15 32 31 34 62 28 25 2 60 43 1 1 30 39 41 0 39 58 10 12 28 44 2 49 60 51 49 13 1 26 21 
24 54 31 24 0 9 46 6 26 39 33 37 11 43 23 26 15 9 52 1 28 30 49 23 37 22 55 51 52 57 30 12 47 62 37 48 7 20 54 33 59 24 7 6 3 31 33 19 41 21 
58 43 46 22 59 39 52 27 26 13 63 39 47 8 11 16 49 61 10 57 47 4 22 40 26 9 24 20 58 46 44 52 26 27 10 21 2 63 49 29 12 48 4 59 56 16 12 41 13 22 
34 48 5 46 0 33 40 61 56 44 55 32 6 61 40 33 18 5 10 63 16 15 37 0 9 50 48 26 18 37 38 52 22 44 35 22 13 11 20 5 55 11 37 61 9 13 30 28 18 41 
54 38 5 41 14 15 25 62 15 24 17 21 31 35 52 0 15 58 55 37 8 19 34 2 41 55 40 30 46 54 52 36 28 58 14 43 9 39 41 24 0 59 46 31 30 34 31 46 29 23 
36 15 7 35 34 40 1 16 26 0 18 62 53 37 12 13 40 15 50 3 56 28 17 24 5 29 18 34 30 60 48 3 12 56 39 46 32 40 62 58 40 17 57 29 54 6 42 30 21 28 
31 21 60 39 56 22 16 32 47 37 14 43 20 39 26 39 14 43 5 40 7 32 9 18 37 27 26 57 58 27 51 25 49 48 0 41 6 17 10 53 54 24 33 10 63 59 50 13 39 55 
5 10 16 5 62 37 41 61 29 62 53 27 54 11 42 33 7 46 20 50 23 59 49 29 54 32 59 10 6 50 29 12 60 46 17 58 19 58 56 49 56 45 12 47 56 54 17 0 36 38 
47 45 27 21 28 56 7 43 42 26 38 9 39 58 48 17 48 25 11 30 62 19 41 3 44 53 18 61 38 31 48 21 13 11 42 41 4 49 20 47 12 59 56 51 53 41 4 38 2 15 
30 58 48 11 36 44 28 35 38 42 26 35 14 60 28 20 5 38 60 9 57 43 61 40 40 49 49 25 14 50 56 44 44 40 56 17 20 20 53 59 62 15 30 12 11 59 32 17 33 29 
49 50 57 6 4 60 48 7 58 19 46 2 31 10 62 55 17 57 4 7 30 29 5 10 32 48 27 28 22 16 5 7 2 62 13 6 58 61 14 52 17 61 55 49 7 53 40 24 46 44 
4 37 18 51 51 62 51 57 0 51 51 20 16 52 57 26 42 37 22 47 7 12 11 6 38 45 21 1 29 52 21 34 26 39 22 14 38 9 7 39 60 59 60 12 47 54 39 25 28 61 
36 10 6 52 32 38 28 57 34 26 56 36 6 58 61 5 27 34 24 42 7 57 56 59 1 26 11 3 31 38 30 3 48 36 56 17 11 20 11 45 46 4 17 53 62 15 58 26 49 18 
18 59 39 44 61 57 15 20 1 33 44 10 23 19 3 24 43 58 26 58 15 12 12 61 7 2 12 12 46 0 59 1 60 34 45 58 28 60 14 29 30 58 40 53 14 43 13 57 37 40 
30 34 46 44 63 32 35 18 56 29 47 5 55 11 6 17 61 24 12 43 28 3 8 13 16 57 58 11 28 56 30 58 26 13 38 25 45 9 44 37 39 27 43 30 39 49 47 36 10 60 
19 14 31 9 61 59 49 42 14 8 24 61 22 63 5 17 5 37 28 6 42 36 8 10 39 21 35 17 61 26 13 16 41 44 26 38 40 11 16 54 20 41 51 43 40 56 60 46 29 25 
7 43 37 22 52 21 40 6 62 58 29 44 47 40 43 34 19 44 32 52 57 7 39 62 56 25 36 46 12 22 6 20 1 44 42 53 1 19 60 0 14 25 44 61 1 23 31 21 4 0 
29 16 29 21 24 5 60 57 4 30 37 31 6 25 16 58 16 53 47 37 37 59 51 25 56 58 38 15 40 49 55 6 1 20 27 26 26 23 19 31 53 57 62 60 18 14 54 35 4 38 
38 54 7 24 23 36 38 43 6 39 41 61 10 20 45 43 24 50 50 1 31 7 11 22 32 15 23 0 48 11 17 22 1 24 47 25 60 21 4 2 61 46 63 8 2 45 52 26 32 39 
4 34 27 29 58 31 54 48 33 21 17 3 10 30 42 40 45 59 2 34 7 61 36 13 43 26 59 12 28 54 29 32 24 57 61 19 24 52 4 57 9 21 61 20 51 40 60 32 35 62 
55 31 63 9 6 2 61 61 24 41 60 9 35 28 42 32 38 22 0 32 44 30 48 62 42 55 8 26 45 1 14 36 32 13 46 38 15 43 36 39 21 33 49 56 61 27 25 35 50 26 
30 47 57 61 54 27 40 1 21 11 17 30 2 27 59 1 11 5 28 36 14 50 35 61 1 15 59 24 57 23 11 23 7 4 21 62 32 62 63 54 9 17 20 11 44 16 12 56 21 41 
25 5 2 34 36 63 6 18 24 27 46 24 51 8 48 12 31 27 18 42 15 20 60 54 1 34 40 51 17 53 37 43 58 40 13 31 39 20 49 0 48 32 24 35 40 9 48 8 36 3 
32 7 3 59 3 29 13 19 45 54 5 11 10 29 7 29 1 55 61 20 17 27 55 25 24 11 3 62 10 54 25 43 61 28 39 1 57 52 20 39 42 26 50 53 55 57 18 56 49 16 
37 8 22 39 18 49 5 46 49 11 55 8 60 32 17 40 12 28 0 8 21 44 61 33 55 11 48 19 17 53 21 54 61 43 30 16 29 35 62 15 47 53 23 43 22 40 20 34 5 20 
39 21 17 29 13 47 0 27 35 31 37 33 8 23 6 47 9 17 8 6 63 59 60 6 16 49 0 19 22 8 11 61 29 29 26 42 12 27 6 47 58 43 17 3 3 23 50 12 41 58 
21 14 46 13 59 27 60 45 30 29 15 48 8 28 3 41 3 27 25 44 56 26 8 36 35 16 58 14 21 42 18 43 56 1 57 51 28 53 32 59 19 48 44 28 12 48 5 15 11 31 
1 58 36 3 3 9 1 17 45 35 14 1 33 59 29 8 53 13 4 45 38 23 8 5 53 52 40 8 45 38 12 46 32 48 50 36 58 51 53 39 23 3 40 56 63 6 1 53 20 5 
45 18 36 22 52 57 14 23 56 17 39 23 56 18 9 7 50 59 31 36 4 13 21 6 24 2 44 10 18 30 62 63 48 34 21 36 28 35 59 20 53 35 44 46 53 54 53 40 50 20 
46 40 7 26 14 45 1 25 34 13 60 0 46 38 4 35 13 6 52 11 3 9 40 18 8 43 1 9 31 49 14 14 25 21 40 40 2 42 1 37 55 62 37 38 36 41 9 50 47 62 
