25 49 26 28 20 63 18 59 10 51 46 42 60 62 56 17 31 48 21 62 6 58 57 35 29 22 11 24 12 39 50 38 25 12 3 45 12 22 40 22 9 23 1 5 22 58 23 53 42 44 
62 41 6 4 45 50 19 58 38 12 14 56 30 19 15 13 47 23 19 29 62 50 27 1 43 33 8 10 42 6 21 40 47 28 45 28 14 1 23 52 13 37 44 43 56 60 57 39 19 12 
54 13 58 53 25 32 25 38 54 42 33 29 25 28 22 34 15 24 32 10 17 55 31 41 34 19 21 22 52 20 43 43 33 37 32 59 5 57 33 60 35 3 25 60 31 48 31 46 8 63 
15 42 18 51 28 18 51 14 29 41 19 29 58 31 25 63 32 58 24 63 63 48 38 25 47 3 58 35 31 19 12 47 62 31 35 26 49 22 41 15 0 61 44 59 28 5 59 60 0 19 
24 8 2 41 19 12 45 22 0 40 3 8 3 17 23 51 38 33 30 21 53 28 19 39 33 58 3 38 60 58 39 20 3 41 62 22 54 44 45 54 20 48 63 23 2 22 10 41 56 40 
17 17 9 33 57 15 42 35 34 28 34 11 29 41 47 26 59 46 31 14 0 5 25 58 10 35 45 33 6 25 61 24 42 7 57 36 22 36 7 57 0 42 4 29 19 51 56 14 33 24 
3 51 45 55 15 4 37 27 29 61 33 42 52 0 56 32 50 30 16 31 53 55 0 47 42 59 47 4 10 59 26 14 47 8 5 62 13 42 26 42 40 60 21 28 60 13 61 46 43 13 
48 3 4 37 50 8 25 12 53 56 46 59 63 5 57 55 22 27 34 29 1 37 44 26 15 63 26 25 30 22 36 15 26 40 52 12 49 14 24 38 6 6 33 6 12 27 61 34 54 31 
52 57 55 17 4 38 33 53 40 14 9 20 7 7 26 61 22 31 4 54 5 63 41 15 35 9 59 63 54 51 19 43 44 10 60 49 48 29 38 25 44 47 45 52 54 8 49 13 39 53 
52 46 36 44 32 21 18 43 26 15 11 15 11 27 11 19 59 48 58 8 5 27 4 36 17 15 27 16 23 62 2 12 45 38 56 13 59 10 56 21 26 4 37 37 31 48 57 26 33 51 
42 19 18 25 12 13 11 45 44 59 54 43 36 13 41 25 54 4 33 37 48 13 25 17 22 3 53 47 19 52 7 61 8 26 23 20 39 34 2 19 30 57 63 2 6 40 27 60 45 61 
22 56 30 26 48 12 54 21 24 53 53 63 26 33 34 52 4 28 5 18 38 50 39 36 3 50 14 14 33 30 51 56 23 18 18 8 30 8 29 54 62 18 54 24 52 24 13 56 53 18 
39 53 46 47 40 43 59 48 35 29 13 35 6 56 8 56 38 1 8 44 27 44 54 32 36 57 44 55 33 28 38 8 17 21 55 58 0 51 42 35 16 56 7 22 48 15 14 22 16 23 
0 52 26 5 31 58 29 8 39 40 46 1 30 43 50 38 4 20 0 63 1 39 3 26 27 22 36 36 40 51 12 40 39 38 45 6 32 11 15 8 52 61 10 18 41 60 56 46 17 56 
19 20 3 17 60 50 22 48 56 48 11 34 18 47 44 30 45 19 12 27 34 31 6 62 42 45 45 16 14 44 45 33 0 48 51 61 34 9 45 26 57 57 61 12 40 41 42 22 60 55 
39 10 3 38 18 43 46 30 25 24 59 22 17 27 9 20 15 11 28 60 49 28 40 26 30 40 63 36 13 10 36 53 21 39 27 39 19 10 5 44 34 0 3 52 27 13 9 43 24 37 
54 60 58 0 43 56 25 23 6 41 52 36 38 10 61 62 25 38 31 46 49 27 6 14 29 35 19 21 33 46 8 24 43 2 25 22 59 50 45 2 28 34 38 2 44 35 1 6 9 32 
7 56 13 5 14 12 17 34 3 35 19 17 33 36 59 40 55 2 7 5 22 9 16 62 53 28 22 43 7 19 48 15 11 61 20 26 9 38 60 13 9 15 30 43 51 25 19 43 27 27 
45 42 13 42 55 0 12 14 32 47 47 27 52 48 2 29 50 58 51 23 7 3 61 60 28 5 50 30 1 46 51 46 25 0 24 16 1 37 30 33 20 14 60 9 62 63 39 48 57 26 
56 39 58 15 2 42 52 62 11 8 7 0 58 17 45 41 37 52 24 47 5 53 10 27 60 47 3 47 34 57 1 27 32 59 42 35 38 31 34 49 39 41 50 34 59 31 12 33 20 36 
55 30 5 43 8 20 11 8 28 11 31 40 39 18 10 24 46 30 34 15 2 18 2 39 12 37 10 22 50 16 17 42 46 23 21 54 43 33 63 7 44 30 47 20 49 57 44 31 23 15 
56 51 3 15 35 25 62 61 6 50 19 57 33 45 22 40 40 32 23 24 9 52 45 25 59 10 4 62 24 21 55 17 8 59 32 43 20 30 41 26 17 60 20 50 42 43 26 18 11 50 
36 30 40 43 20 29 57 3 34 18 22 11 4 62 51 44 14 3 9 16 41 56 44 27 31 47 57 12 31 26 7 4 57 47 47 13 13 41 17 47 59 40 58 0 39 46 44 53 49 54 
1 38 12 2 36 43 19 45 57 12 62 24 48 43 47 53 57 47 9 59 8 33 37 8 33 33 53 31 20 37 28 21 12 41 24 48 20 43 29 13 55 28 37 39 7 21 28 1 4 37 
55 7 57 62 8 6 11 63 3 0 12 3 33 26 2 4 5 18 11 43 30 23 16 29 12 17 56 60 57 28 22 48 36 16 47 44 22 58 44 25 59 57 28 29 19 31 33 24 50 45 
39 47 25 18 62 42 1 53 11 38 26 3 46 58 25 6 5 43 5 6 43 63 45 27 12 49 63 1 18 53 62 58 37 24 13 35 2 14 24 13 52 51 17 34 46 42 41 51 21 46 
30 63 1 36 37 48 49 35 52 37 61 62 13 12 40 49 57 34 14 17 35 44 23 38 20 43 37 51 56 49 48 22 49 49 58 22 33 43 57 22 17 55 20 31 4 61 17 62 31 31 
9 37 38 12 55 10 13 18 11 4 23 52 5 15 33 59 46 31 32 13 6 1 59 3 1 47 44 15 9 0 40 18 37 14 30 29 24 44 47 36 48 7 24 53 22 58 48 5 25 17 
63 39 0 30 22 40 35 35 47 27 1 23 44 59 42 34 61 20 38 51 23 17 56 51 47 44 56 7 42 16 1 41 55 1 7 13 41 43 48 24 6 50 48 50 45 27 20 43 47 59 
22 20 35 0 14 49 10 35 17 46 55 32 35 6 42 26 50 57 61 1 60 55 16 14 43 24 4 37 42 52 45 0 9 16 1 23 1 11 59 18 57 50 51 29 57 30 55 43 23 53 
36 29 42 35 63 7 39 8 18 17 63 56 24 58 54 39 15 20 1 9 42 63 40 46 10 48 57 0 44 44 28 16 10 7 51 9 15 27 18 33 44 17 25 5 12 16 44 27 36 45 
23 18 50 23 32 2 0 46 15 46 52 28 24 32 7 56 32 7 51 6 28 18 47 21 11 15 8 29 25 10 49 48 29 36 8 62 38 8 44 54 54 33 19 15 1 26 8 33 33 59 
22 13 13 24 14 35 41 15 15 17 56 16 59 22 60 35 9 49 22 12 16 53 45 59 37 50 13 32 26 37 7 49 50 21 10 0 57 51 16 8 4 8 25 0 30 21 36 39 6 58 
36 1 45 17 8 19 7 36 8 15 51 40 5 15 1 29 17 45 33 35 63 31 12 32 59 8 47 58 53 41 49 25 42 30 43 50 50 50 23 58 2 10 34 8 25 36 37 42 17 6 
61 9 6 57 61 29 5 34 20 63 5 61 26 28 30 39 24 29 11 15 37 36 28 53 7 49 48 9 26 61 29 23 6 35 16 4 0 21 38 20 21 44 18 48 8 48 23 32 13 35 
15 17 51 41 14 15 31 58 11 27 30 57 61 7 22 48 63 60 6 40 29 25 22 28 16 0 56 23 3 34 20 18 51 7 60 1 22 27 59 33 55 26 27 52 34 49 37 33 45 44 
12 27 9 14 3 60 28 55 49 23 3 7 43 8 26 23 62 55 26 63 14 44 36 0 48 8 35 62 42 59 18 54 22 28 5 26 24 34 17 9 57 20 16 36 28 43 60 27 34 22 
51 40 32 22 37 46 57 37 18 50 36 58 49 9 13 17 39 18 63 33 28 57 30 32 37 18 58 54 15 32 49 2 8 18 24 46 0 18 19 19 4 55 14 53 0 28 7 40 46 6 
63 24 19 4 39 7 33 14 19 33 36 52 53 1 9 58 15 41 7 39 62 42 51 2 55 35 60 15 44 43 40 43 4 59 47 43 3 17 58 22 51 30 10 40 32 20 34 48 62 42 
17 37 49 38 18 42 5 16 2 57 59 48 59 27 28 24 45 31 30 28 61 48 11 44 27 41 13 2 26 14 51 43 52 37 17 6 16 23 23 18 17 18 3 12 45 31 37 27 62 4 
8 35 58 26 25 56 47 59 57 50 49 53 23 27 3 30 32 19 9 18 45 32 46 21 1 44 51 11 16 15 48 25 51 42 51 13 34 34 8 28 20 57 17 43 21 21 9 53 40 19 
5 39 31 48 36 59 52 47 14 50 43 58 27 38 56 29 10 31 6 59 38 54 22 7 23 11 50 14 13 51 4 19 27 36 3 63 32 55 46 46 42 26 40 6 0 33 35 10 0 41 
29 53 41 50 6 17 13 48 62 19 2 37 37 41 58 50 58 60 41 37 0 36 0 56 7 10 27 56 14 34 24 44 23 1 30 29 18 44 14 17 63 17 54 36 58 49 23 53 45 1 
17 36 44 33 15 44 37 3 45 52 23 15 50 3 38 53 25 32 61 9 5 16 43 28 29 41 31 56 17 4 9 34 41 53 4 56 34 41 60 16 30 20 31 16 23 5 6 49 37 3 
51 63 48 20 3 54 13 13 20 57 60 28 47 8 23 50 50 8 7 45 52 0 44 19 11 53 30 10 33 49 15 21 49 0 41 52 54 55 1 11 48 61 39 31 6 62 18 56 6 25 
38 12 38 7 21 43 7 36 35 9 29 35 21 46 44 52 14 44 7 63 39 4 61 21 63 8 51 46 5 52 50 43 0 24 50 21 4 58 57 39 3 23 10 24 5 55 13 20 36 20 
15 47 31 50 14 6 33 30 40 24 32 60 0 3 34 46 28 41 55 62 14 7 9 53 1 47 32 45 56 8 47 8 55 14 58 5 20 27 36 61 52 5 57 52 8 28 35 37 5 26 
26 56 61 30 13 18 35 45 13 29 1 8 1 38 37 57 40 43 14 15 30 19 8 48 0 62 43 4 58 13 44 21 5 42 51 19 61 23 0 11 52 1 19 53 40 57 47 16 37 61 
26 34 38 61 63 49 8 1 15 6 17 56 0 38 55 41 7 28 15 49 43 36 7 30 1 63 23 45 46 15 18 8 49 56 5 48 41 13 49 57 20 2 49 20 41 40 61 48 4 13 
33 56 24 62 13 8 41 37 45 52 43 29 2 59 35 3 15 27 23 45 24 39 61 20 45 23 57 8 3 61 41 36 54 2 34 4 10 12 41 56 0 20 21 3 16 56 7 31 20 30 
