51 49 38 45 21 4 3 32 29 16 8 15 55 33 28 58 15 40 16 56 63 25 15 0 31 37 58 55 26 37 35 14 23 10 59 44 14 62 12 43 15 21 59 6 54 23 0 6 63 16 62 
5 18 63 32 19 42 2 28 53 44 34 10 21 18 38 2 47 53 3 6 42 17 43 22 60 35 19 53 11 38 2 16 57 1 49 12 43 51 40 33 31 11 43 53 29 17 55 12 7 59 18 
57 25 54 24 2 24 43 24 47 32 45 26 11 14 63 43 9 5 36 43 1 7 46 27 4 13 11 35 59 19 34 53 45 24 13 48 49 57 9 32 25 54 59 37 4 59 17 14 0 54 57 
60 0 4 34 25 51 38 20 22 5 39 35 53 38 2 24 0 52 47 41 3 47 38 47 42 3 53 38 0 53 57 60 53 61 31 15 49 5 35 8 11 11 43 0 49 46 24 50 34 7 28 
62 45 4 17 21 38 12 24 12 8 19 51 29 22 29 28 45 19 8 26 10 28 11 9 51 13 32 62 55 24 39 53 6 44 7 27 18 19 52 31 28 7 18 58 30 48 22 12 3 30 39 
29 34 29 54 29 40 26 10 10 32 35 7 57 14 14 51 50 37 23 58 30 23 36 34 53 55 21 45 6 55 6 35 26 35 26 55 11 52 2 21 21 37 29 14 52 43 1 38 16 24 33 
14 33 5 14 16 47 10 0 52 21 60 15 35 43 23 40 42 36 19 5 15 60 1 36 25 62 50 22 45 30 36 59 63 41 10 16 25 21 16 13 42 12 28 14 56 51 55 35 24 10 40 
63 56 4 44 19 20 43 46 45 9 4 17 25 30 58 13 42 43 28 2 17 34 9 51 40 22 14 37 56 5 5 56 62 10 36 17 30 16 63 12 25 4 30 50 35 24 0 14 4 28 17 
3 45 52 44 60 23 53 56 22 44 44 42 23 24 52 20 9 37 50 48 62 30 32 43 19 22 51 4 36 27 58 39 8 47 20 4 6 10 61 29 54 41 7 14 2 60 34 11 34 20 60 
35 38 14 39 11 31 54 38 48 14 36 50 27 17 24 19 30 20 30 22 42 56 26 15 30 58 0 23 20 33 10 55 8 25 31 19 57 22 57 41 36 29 27 63 47 51 19 13 7 49 36 
34 30 11 60 47 33 63 36 16 19 25 24 17 33 50 40 54 25 11 56 45 41 49 44 44 56 21 7 53 3 5 23 33 16 19 17 49 18 53 1 38 14 25 55 48 12 31 38 37 43 31 
10 28 5 50 0 8 36 14 23 6 45 11 62 4 29 16 12 59 25 42 50 24 60 40 48 49 1 61 42 54 15 53 19 20 39 19 29 11 33 52 18 15 63 16 19 29 32 32 24 58 10 
3 44 3 57 12 40 51 56 31 20 21 6 28 39 28 20 34 28 8 12 0 24 4 7 46 52 23 61 11 40 20 14 20 24 8 33 0 59 26 32 15 48 39 44 23 3 0 57 31 8 6 
45 18 32 48 45 59 7 17 31 47 5 44 24 44 19 5 51 51 16 3 60 5 1 6 23 42 3 15 24 20 8 6 39 40 54 20 36 61 38 4 45 43 48 5 24 3 10 11 55 27 14 
49 30 22 56 28 1 37 9 17 52 54 62 21 55 47 8 52 18 17 34 44 11 27 42 23 3 19 2 25 16 57 11 47 16 3 11 17 41 21 34 29 11 33 50 2 17 58 54 35 12 25 
39 9 2 15 35 32 56 35 5 5 45 42 58 2 18 22 42 37 33 47 18 3 48 21 56 12 35 1 55 59 39 31 5 41 47 41 10 39 13 15 44 58 57 39 61 12 62 39 49 31 22 
53 58 59 59 9 24 31 29 46 1 12 54 25 55 56 50 14 52 37 60 54 1 30 28 4 11 63 5 17 9 37 6 4 32 2 14 56 33 44 39 35 56 29 60 48 22 47 62 10 20 58 
48 50 36 1 48 26 29 6 5 37 25 53 52 37 50 9 63 60 47 60 9 57 12 40 36 63 1 55 43 29 18 28 15 55 29 63 17 59 6 23 33 32 12 21 6 63 30 5 59 14 2 
7 0 29 4 60 58 10 46 24 11 29 11 58 54 12 19 6 13 56 37 46 13 51 43 22 49 42 62 33 36 24 40 37 54 45 33 49 55 16 9 2 46 21 60 36 33 15 42 47 8 15 
17 26 26 27 53 22 11 57 5 45 50 6 8 18 2 51 54 40 18 24 26 57 1 12 27 61 44 39 30 0 12 47 26 38 11 16 61 22 9 3 4 59 9 13 14 12 0 4 52 18 28 
46 26 33 48 1 45 22 12 4 9 29 22 51 11 45 8 2 24 42 1 32 22 32 16 42 17 9 22 49 33 38 32 60 7 16 61 53 39 10 57 48 39 15 35 50 61 44 53 22 22 54 
43 21 39 25 47 35 35 51 33 60 9 25 13 17 20 45 61 41 11 39 3 28 35 24 15 14 3 42 32 15 28 12 36 3 37 19 38 9 7 8 5 16 33 18 33 54 63 31 31 11 6 
6 27 46 50 54 14 33 47 26 1 10 33 5 3 17 53 17 30 30 34 13 26 11 8 26 50 54 7 40 40 61 46 3 44 33 58 58 2 41 20 4 52 54 9 55 7 63 8 38 29 43 
60 13 7 33 22 41 3 11 9 23 49 37 45 61 15 5 45 36 48 10 50 39 38 24 15 46 45 44 47 49 18 43 63 26 13 21 3 16 32 12 40 17 50 21 14 1 26 59 37 11 6 
3 17 4 20 47 16 38 39 13 31 4 35 16 41 51 63 22 10 58 2 35 53 59 0 18 14 32 52 39 18 33 43 36 37 63 19 53 37 58 2 4 63 38 20 41 26 20 63 36 14 1 
58 0 46 39 28 58 24 27 60 43 17 58 37 54 18 50 25 20 1 50 34 53 37 51 24 19 29 2 7 50 49 2 51 31 41 15 26 2 43 22 45 60 16 19 51 35 6 13 55 7 63 
15 3 12 39 41 32 18 14 19 10 0 3 32 49 53 27 7 23 7 1 45 24 57 2 56 61 63 9 59 31 40 11 34 52 51 11 21 5 26 40 16 26 44 48 12 33 12 19 56 19 21 
18 32 19 13 35 20 61 16 35 6 16 11 24 54 26 55 19 50 35 2 23 20 9 47 9 32 41 58 37 3 12 55 35 31 5 6 51 2 22 23 8 38 35 33 28 61 24 48 48 59 50 
30 7 12 23 58 59 3 51 3 45 3 4 23 59 5 31 8 47 10 57 7 16 43 56 2 25 19 23 4 3 18 34 10 30 58 5 26 61 56 29 43 60 33 2 55 38 33 0 21 43 58 
44 20 44 60 34 24 21 39 61 63 27 42 0 37 59 1 60 60 13 56 15 6 42 3 35 35 33 27 15 57 16 59 13 61 56 48 21 13 23 18 13 51 60 13 24 55 15 21 52 28 13 
37 14 45 14 61 55 62 54 55 42 35 20 58 45 27 46 54 42 9 9 11 54 26 37 59 38 54 39 2 26 21 39 40 2 53 37 57 52 28 49 30 63 5 25 45 32 7 36 11 16 45 
39 62 13 22 19 25 38 28 54 63 39 40 48 4 12 56 2 51 1 47 41 56 16 60 7 18 22 15 51 56 10 26 54 24 49 10 49 24 38 40 23 13 16 8 18 29 0 20 16 2 4 
52 23 48 33 18 21 20 32 54 46 5 62 31 55 20 41 56 13 29 8 21 34 16 46 34 47 3 6 22 10 1 10 33 50 43 52 7 63 20 62 46 25 61 14 17 17 56 9 30 21 17 
14 17 38 26 49 33 35 32 27 25 10 13 51 52 43 30 38 30 16 61 24 19 7 59 27 33 31 1 11 49 8 26 2 46 52 52 16 24 21 44 49 31 57 36 19 37 2 57 3 19 55 
48 51 7 12 40 15 61 24 25 23 21 54 46 28 26 63 32 27 21 7 48 42 51 2 26 59 51 50 27 1 21 11 52 29 23 28 45 21 53 6 44 10 61 27 39 23 26 7 50 47 14 
9 10 5 31 39 22 32 31 45 35 1 2 53 52 9 49 53 32 13 49 2 4 12 29 56 46 14 30 15 60 10 25 6 16 56 46 38 25 13 20 60 14 22 49 3 32 35 56 0 48 41 
27 49 2 63 49 51 8 21 49 50 16 4 41 39 33 46 1 57 16 19 2 9 40 19 46 4 63 42 32 34 1 60 19 3 59 4 54 4 25 40 54 42 45 32 17 14 14 18 7 31 38 
9 10 0 39 42 38 58 37 28 10 5 14 12 14 32 37 60 32 55 15 52 59 7 2 48 7 30 56 48 12 62 57 22 63 33 1 37 28 38 2 38 44 16 50 58 48 23 54 16 15 6 
23 60 21 11 63 12 46 59 28 26 38 4 6 42 63 54 22 2 7 17 25 58 48 36 34 16 57 5 0 55 48 24 51 5 36 50 17 18 46 45 45 21 50 51 63 49 41 22 52 49 40 
56 59 52 3 40 16 45 53 18 7 3 6 51 55 44 5 62 60 28 21 15 45 39 18 58 21 49 32 48 47 36 40 43 25 44 19 41 26 8 59 34 12 2 22 4 46 27 2 42 56 24 
8 22 52 54 44 54 35 32 1 51 47 49 12 34 28 63 47 63 33 56 27 54 50 45 34 8 2 43 61 43 63 5 2 51 60 46 41 31 14 43 19 62 28 32 33 57 32 16 56 1 9 
5 38 31 28 45 55 39 31 6 53 19 11 8 47 47 12 46 15 4 29 61 46 55 38 52 55 7 23 2 7 0 7 46 32 36 27 23 12 59 30 1 14 41 10 62 24 22 44 40 26 10 
26 45 37 26 38 44 37 1 36 52 35 61 32 59 62 63 24 16 43 38 34 43 55 24 15 50 9 39 39 55 40 2 36 14 29 11 58 2 12 31 55 48 28 24 43 26 23 4 43 3 43 
58 43 19 37 8 49 15 39 41 32 44 50 3 21 40 7 14 10 49 10 26 15 30 57 32 53 62 38 39 36 41 33 15 61 6 23 46 22 63 24 54 43 10 58 0 50 1 14 60 50 25 
38 59 26 18 14 37 8 44 47 41 30 63 63 15 63 40 4 53 31 5 1 16 3 41 48 9 39 2 2 46 27 40 42 53 59 56 26 3 37 10 45 3 9 44 19 8 21 24 62 52 29 
19 11 24 17 33 24 25 21 7 30 9 57 10 10 18 61 31 22 55 25 62 59 48 9 19 53 0 33 9 36 53 29 48 14 46 17 39 7 39 46 38 49 39 48 59 58 46 27 17 37 52 
35 19 33 44 9 35 27 42 16 20 50 63 28 41 14 23 47 35 51 20 32 39 25 25 28 34 54 0 7 59 27 42 15 60 23 24 31 51 2 48 8 52 48 37 29 62 60 13 33 47 33 
31 3 16 40 51 16 38 31 20 33 44 1 54 50 43 42 5 40 1 6 51 54 7 7 43 48 1 26 0 38 23 32 41 40 8 29 56 47 60 13 17 41 14 7 28 57 50 34 34 52 40 
34 48 50 41 15 51 40 38 32 22 54 51 30 39 43 36 24 21 50 10 14 6 12 0 27 54 40 24 39 45 38 9 29 24 51 45 11 28 19 44 50 9 32 17 49 11 54 9 33 40 19 
13 44 5 10 0 51 33 58 59 37 55 37 9 45 39 44 49 50 56 26 42 57 47 63 60 63 56 3 31 12 34 44 56 40 55 56 27 24 50 23 61 41 60 7 23 35 51 9 21 44 35 
